9
-50 -50
-60 -40
-70 -25
-80 -5
-80 80
-70 100
-60 115
-50 125
-40 120 
12
-50 -50
-60 -40
-70 -25
-80 -5
-80 80
-70 100
-60 115
-50 125
-40 130 
100 120
200 110
210 100
16
-50 -50
-60 -40
-70 -25
-80 -5
-80 80
-70 100
-60 115
-50 125
-40 130 
100 120
200 110
210 100
220 80
230 50
240 10
250 -35

23
-461 -497.865
-496.863 -497.061
-499.893 -387.095
-499.941 -350.329
-499.978 214.426
-499.566 306.727
-499.089 350.938
-498.504 398.12
-496.235 456.117
-485.409 472.174
-468.45 495.845
-280.768 499.161
274.648 496.421
495.944 491.626
498.873 41.0088
499.09 -141.9
495.258 -477.674
490.767 -495.399
431.706 -499.925
88.931 -499.999
-45.312 -499.934
-309.145 -499.462
-335.22 -499.226

41
-1850.18 -4998.93
-4950.13 -4997.21
-4989.17 -4595.1
-4996.81 -2089.34
-4999.73 1377.98
-4999.4 3161.21
-4992.74 4450.11
-4911.53 4963.64
-4865.26 4999.03
-3955.43 4928.17
-3502.73 4879.61
-2570.35 4682.65
-1914.46 4511.66
-1703.55 4438.43
-851.886 4080.19
-343.107 3835.87
319.444 3459.53
888.404 3077.53
1324.25 2738.85
1969.14 2158.67
2036.51 2092.94
2205.98 1921.89
2358.49 1758.69
2779.64 1267.82
3218.58 683.735
3433.76 362.376
3734.59 -154.789
3833.19 -342.768
4352.12 -1525.64
4464 -1838.69
4628.54 -2377.73
4725.6 -2709.61
4813.48 -3109.98
4921.05 -3790.44
4947.05 -3974.22
4960.86 -4191.63
4968.34 -4718.44
4967.29 -4790.35
4808.4 -4923.09
4699.62 -4989.58
4412.42 -4999.11
